time,x,y,z,phi,theta,psi,x_velocity,y_velocity,z_velocity,phi_velocity,theta_velocity,psi_velocity,rotor_speed1,rotor_speed2,rotor_speed3,rotor_speed4
0.06,-7.023388900781631e-05,6.3025990119924045e-06,10.005793749353247,0.0016587949318829232,0.016872938751611777,0.0,-0.004244431892117124,0.00038715723110808043,0.19310085460780355,0.012959681083112778,0.04381322264710448,0.0,464.29944174389584,467.7235945568029,464.49695531062804,465.5119148259667
0.12000000000000001,-0.0006815928468505804,6.932158379020068e-05,10.020158842483891,0.0033656257654302024,0.02011628623239936,0.0,-0.016453662687691578,0.0018761629561402397,0.28571015787947635,0.02238743726942627,0.0512840149372118,0.0,433.714971218141,434.3431942496679,434.8474167426215,435.63624071466
0.18,-0.0022273685702121153,0.00028026031232407985,10.043574142492664,0.007098305077059663,0.03815338831790438,0.0,-0.03715387737163617,0.0056170862098447495,0.494675598663582,0.004211766293438787,0.09247051280895263,0.0,468.5612356595953,471.7547340087648,471.3486959905067,469.9420986256322
0.23999999999999996,-0.005599135102086535,0.0008595786774282882,10.083397198083794,0.01634089551259965,0.05446395993153086,0.0,-0.07742246866778292,0.014915751359717068,0.8324668292687711,0.03587853720863664,0.127227075443972,0.0,505.55209148579877,508.0579127860879,506.70860397250703,508.97959387913403
0.3,-0.011591562599092907,0.0021505218432073614,10.139312384332618,0.01854339548923356,0.06828453485690034,0.0,-0.12389835395551876,0.02837277752707693,1.031113709433608,0.031955328965926136,0.15330026566348232,0.0,467.69247025133035,469.7345989369334,468.0850550623957,467.7801266691223
0.36000000000000004,-0.02111713791229663,0.0044182641111875495,10.213096141657992,0.02181624770513757,0.08041432627484468,0.0,-0.19539201416248989,0.04766871090998863,1.4277901993308173,0.04356547738266056,0.13330422419627797,0.0,525.4504846528677,524.0791831056046,523.7371653239683,524.5443145792682
0.4200000000000001,-0.03466519837275259,0.00780227515472413,10.302850568886848,0.03463084667756622,0.09745382225535604,0.0,-0.2580618269702737,0.06646212357235837,1.563641657876086,0.0773726039081933,0.09914299454237065,0.0,453.3249270981378,450.58511085154987,448.8374963529099,451.5746889982862
0.48000000000000015,-0.052384581798933155,0.0126402519370282,10.401530262072926,0.05080396362402073,0.10482397252701503,0.0,-0.3333978361434866,0.09663152754891867,1.7252791844998177,0.038954857750776464,0.08482638265855251,0.0,460.3978705284233,459.2710907023503,461.2735401546559,458.23293902843267
0.5400000000000001,-0.07468404077442316,0.019548005704083632,10.508971586502335,0.05375408789728997,0.11001654473779521,0.0,-0.41044860282805856,0.13393705324708424,1.8558013656623884,0.029095557726795854,0.08734068084576155,0.0,450.6359957246118,450.84510527245413,451.7228357561005,450.9276896954409
0.6000000000000002,-0.1021369435743566,0.028994672029176456,10.627907787218923,0.06540874960005016,0.11636059001288857,0.0,-0.5054086580148306,0.18233072215630297,2.1081072530911387,0.062399144646778995,0.07456978626819483,0.0,489.15517059692564,488.20823495533233,486.2291800656957,488.71839521211024
0.6600000000000003,-0.1348333699288661,0.04126712649712502,10.756777936575011,0.07097752499185361,0.12178576953924569,0.0,-0.5850072607108548,0.2272716955799641,2.187285924003875,0.07604529327977712,0.06261946808677392,0.0,438.07498145727857,437.0841153940339,435.441402375646,436.5848827429074
0.7200000000000003,-0.17253406428766066,0.05641438514762653,10.891350585147208,0.0758250969256844,0.12660922184477474,0.0,-0.672173563858136,0.2781102989922718,2.298116990837198,0.08081337038673592,0.05004393711705357,0.0,447.05389434641745,446.0304534612915,448.202648259963,448.59471521641984
0.7800000000000004,-0.21516726889826754,0.07447726381466675,11.029480550608023,0.08093795511869306,0.13005936125085427,0.0,-0.7492378915189456,0.32442517797611137,2.3060926862522275,0.08536854211449293,0.05626934124722261,0.0,414.3260196672592,414.874949064419,414.47499694187553,414.8811716981147
0.8400000000000004,-0.2624925492949126,0.09541120202313672,11.16807511580315,0.08655030411674858,0.13434866433747672,0.0,-0.8286672777324402,0.3738518226366068,2.31358082396605,0.0919313438045808,0.04453253836489529,0.0,414.67865137282644,413.6484001500613,415.0967724706437,415.6792236027576
0.9000000000000005,-0.3146300332774042,0.11940918482861597,11.306894461508984,0.096950228856449,0.1373010798072869,0.0,-0.9095128840412919,0.4270013895091115,2.3135700851082523,0.0664918754311628,0.04925648425723246,0.0,412.4650023019348,412.88341220639086,413.59615165011564,411.35589622831986
0.9600000000000005,-0.3718300702600714,0.1468424773523562,11.446527193783496,0.10198342636005275,0.150946490748062,0.0,-0.9984340959709027,0.4878783692810059,2.3405068999332097,0.054036144351500365,0.01221995554040911,0.0,424.3923433798523,421.20228463617747,422.0601950478971,420.9868752502807
1.0200000000000005,-0.4350077901146149,0.1783386752782518,11.590558600618255,0.11413487818677837,0.15171835767562047,0.0,-1.1075486164278954,0.5632666417775848,2.4600646162043276,0.020116585912035495,0.008554113445391271,0.0,452.77823550365935,452.4830974131471,454.41835118769114,451.6922560517625
1.0800000000000005,-0.5046334368205235,0.2144840827933953,11.740963236175139,0.1159626783931813,0.15231126008557272,0.0,-1.2133484210113181,0.6417347241084257,2.5531178233744867,0.010202372651388958,0.01067054327390311,0.0,445.1938268206401,445.3668398563093,445.93108376731954,445.12041866470736
1.1400000000000006,-0.5811719707688463,0.2557338906374671,11.900081795590804,0.11669133357814232,0.16743733838679642,0.0,-1.3395845806086062,0.7332314500968101,2.749973598965339,0.012929398506603535,0.05118065980828456,0.0,476.9933647304553,480.0771588335746,477.66102731893454,477.8688106919308
1.2000000000000006,-0.6648512802227183,0.3019731441504598,12.066590175471214,0.11809695168258916,0.17049688451040623,0.0,-1.4500143272175243,0.8081776771310919,2.8000287073812418,0.002953156811416154,0.04968800664354538,0.0,434.69429828862667,434.57089072464447,433.84961431390246,433.01105573773043
1.2600000000000007,-0.7556711714650475,0.35300847565177357,12.238445653326174,0.11847739848354255,0.1826011792499429,0.0,-1.578588598108099,0.8929512181561922,2.9277886428654476,-0.003329169849640847,0.015378865986594955,0.0,460.9286800228291,458.20995934692627,459.7980480096216,459.30004825872675
1.3200000000000007,-0.8543851995026498,0.4090891762298708,12.417489766140333,0.12124572866090233,0.19407070652640357,0.0,-1.7129866407051777,0.9766199423051951,3.0396450145090546,-0.023439735311972566,0.04977447567244658,0.0,454.2052969321113,456.95576091732977,457.3910711437213,455.78670419869366
1.3800000000000008,-0.9610374163273411,0.4700147724086956,12.601465325943307,0.12078702770889915,0.19717895669273755,0.0,-1.842375648099486,1.0541227114809977,3.0925541943655723,-0.013908443366124519,0.05258099243672032,0.0,438.12271531362285,438.3576772587692,438.5465004751449,439.3375226745663
1.4400000000000008,-1.075824866020331,0.535755083302734,12.79007904624661,0.12021019394805599,0.20146999236929908,0.0,-1.9842658554174801,1.1370739423650904,3.1940562889879485,-0.009419803514727633,0.06311872139432982,0.0,454.5631782679942,455.4089413414369,454.65934314013896,455.01896324898155
1.5000000000000009,-1.1991367640103667,0.6064226429663911,12.984290387728429,0.12588130705873812,0.20755205408765143,0.0,-2.126722223918723,1.219021712976893,3.279023793784537,-0.0380022721389434,0.045280077750723166,0.0,450.468928939032,449.0262648593449,453.19450545843233,450.8911340263691
1.560000000000001,-1.3298940123535432,0.6813645325606278,13.177813793257712,0.12564569782903057,0.21041493433242398,0.0,-2.232172849011254,1.279033755712531,3.171926654115232,-0.05491187031360264,0.039724419442298424,0.0,386.105887727139,385.58270743881855,387.33185725382845,385.7367498104166
1.620000000000001,-1.4680926755070742,0.7604932570648334,13.369713517603985,0.12246718134910228,0.21867043463197788,0.0,-2.3752523305042383,1.3581922870008984,3.2242607625429964,-0.05218990755244299,0.011952024534670631,0.0,442.4948163000317,440.2028594483596,441.23173571353004,441.45445264536494
1.680000000000001,-1.6148917487093626,0.8442306180086954,13.564154974305909,0.11939007878918773,0.21941914351988867,0.0,-2.518153510678715,1.4327102780335863,3.2568973705398485,-0.05621081270343341,0.008464992581144193,0.0,435.71383372162023,435.42207041342965,436.1292159501288,435.7912742646683
1.740000000000001,-1.771518901053164,0.933023986550754,13.76599946023012,0.116197905038252,0.2201437216556652,0.0,-2.7027290895793685,1.5265562654326776,3.470401688344091,-0.062217164650208844,0.012503457241946746,0.0,491.5711878237599,491.87023908669096,493.32705611134935,492.8813433027982
1.8000000000000012,-1.9382773870867394,1.0268445462754545,13.976197027404108,0.1127413873281764,0.22817697668661374,0.0,-2.8566233906704825,1.6003624494937163,3.5356217805711383,-0.06930162882192448,0.04089063452710002,0.0,447.6159310854528,449.9203995191365,449.34160528040064,448.7638546364998
1.8600000000000012,-2.1138475133392904,1.1247339822709883,14.187737648044317,0.11096432031684511,0.23554686277103887,0.0,-2.9964146186954834,1.6624176388663847,3.515457627778129,-0.08744803023671237,0.01537146768842256,0.0,422.9430598248867,420.73970865026666,422.70754323691153,421.1358796114197
1.9200000000000013,-2.298593191995981,1.2266077694406532,14.400791242250751,0.10817690120664203,0.23682577625297885,0.0,-3.1619073940560454,1.7330320961185008,3.5858885346795057,-0.10587002839332219,0.02082237268539283,0.0,452.0513984900863,452.4903828011389,453.1301968183352,451.63942319116035
1.9800000000000013,-2.493350504402429,1.3326558127998578,14.618202292562598,0.1020808171099521,0.23806484624600266,0.0,-3.330145008165772,1.8012132231909719,3.6607257226835275,-0.11274309214898089,0.020077808359600234,0.0,454.1331135055347,454.0733537586982,455.4705085335059,454.91044232017555
2.0400000000000014,-2.6987721527665105,1.4429137761873418,14.84221983840925,0.10535520101314155,0.2397829700401921,0.0,-3.517377863667528,1.874257776596057,3.80564219544483,-0.07921453753610684,0.010937064105469213,0.0,478.2066280538011,477.50967614915305,475.6725641353947,478.225282134937
2.1000000000000014,-2.914510473729196,1.5571778214601895,15.070908448969146,0.10301101689385206,0.24254987939120998,0.0,-3.674235691285639,1.934276740197295,3.8170001793011767,-0.09745865646927361,-0.006222917331843726,0.0,437.89681363861564,436.46676401362174,437.50009875149686,435.9720735097211
2.1600000000000015,-3.1402723408306,1.6751952724727197,15.302371386348485,0.09788815338019585,0.2476183627204973,0.0,-3.851685977162059,1.9990013111207705,3.897771350011097,-0.08925712201964284,-0.033005424921994465,0.0,460.68382289139964,458.561017494591,460.22887969532496,460.87036825023154
2.2200000000000015,-3.3773674875109645,1.797197404526425,15.540884269461063,0.09290377228844537,0.25077773595855124,0.0,-4.0517428342029795,2.067038820444685,4.05173187425025,-0.08367778082565086,-0.009341814368493061,0.0,482.9355023643772,484.71721904293383,483.74333319258653,484.1576883775334
2.2800000000000016,-3.6253098218367676,1.9227721504485373,15.783764395121834,0.10538685007383819,0.25093448274189534,0.0,-4.2131285282351225,2.1198738319272667,4.043864553499361,-0.13072478967638101,-0.019896549158540965,0.0,435.1952039180305,434.3108206691389,436.97239158752404,433.0231410212635
2.3400000000000016,-3.8822993719828722,2.0513918868514653,16.023548702161776,0.09764608666773267,0.24974566062498926,0.0,-4.353378370468222,2.1668488896014804,3.9492755467699534,-0.12821499525419283,-0.01966950042684561,0.0,406.37692061007186,406.3972692185372,404.5543255624013,404.7630224149212
2.4000000000000017,-4.148670311183966,2.1830601431888397,16.26134497626943,0.09037624247496101,0.2486680078625083,0.0,-4.525698852364652,2.221351481386604,3.9770535964796307,-0.13664141165780752,-0.017162510172284713,0.0,446.6974838836924,446.9019576744059,446.5304319731602,445.82669962826503
2.4600000000000017,-4.424718536918238,2.3176041025974503,16.49807957180512,0.08216592541232526,0.2517966501211282,0.0,-4.676361354479859,2.2627471548942437,3.9141487177541676,-0.1379916207871336,0.004008165619647048,0.0,415.55089070352415,417.40296078633463,416.7604054530438,416.6235857289417
2.520000000000002,-4.710344605985632,2.4546306710021994,16.732784132803218,0.07403837666326041,0.25239986356650324,0.0,-4.844762041412442,2.3040328811865445,3.9091962885530727,-0.1436283094093607,-0.0038974914778257693,0.0,435.8420715984272,435.1807026468263,437.06568377351914,436.57701520578496
2.580000000000002,-5.006132171393303,2.5939760367437033,16.96717190299448,0.06540908734862594,0.254090120089403,0.0,-5.015181813313603,2.339992830556435,3.9035437219563036,-0.14460255287911725,-0.0203399479508373,0.0,436.93211377321205,435.55904235820606,436.35553443594716,436.2544121505094
2.640000000000002,-5.3123579827897265,2.735350217376326,17.201738510145017,0.05731954653821525,0.25549446016046584,0.0,-5.192652843757636,2.371680982315159,3.915085420970972,-0.13732789862784436,-0.0037521033867154406,0.0,441.12297089256043,442.4909248562417,442.5845609885673,443.16408553590094
2.700000000000002,-5.63065936626936,2.8787568163842265,17.44215694649736,0.04907792829364066,0.2558918749992891,0.0,-5.417445095182939,2.407486575689157,4.097843237688039,-0.1374293261150837,0.003774063218294658,0.0,495.47621812948955,496.02931638572085,495.87239545190414,495.84961958137
2.760000000000002,-5.962184876156819,3.0241106583580404,17.692222698810447,0.055311325539136647,0.25939918334162826,0.0,-5.633778207313102,2.4383040869096795,4.236439015661978,-0.18033092053603175,-0.0173041075190909,0.0,485.9000472634382,484.3171033849295,486.63952002121033,483.3972651033757
2.820000000000002,-6.306249762014058,3.1713019742278825,17.948478309995295,0.05538193304304606,0.2595303061338887,0.0,-5.835220221467917,2.467986679297637,4.304752885009262,-0.14536166333795197,-0.030410673776758764,0.0,466.22848951819475,465.2031662566658,464.8072866873728,467.51443905660005
2.880000000000002,-6.662285917624599,3.3202039222441835,18.20816913522907,0.046648257391351144,0.2577045444101662,0.0,-6.032733934711757,2.494513605442725,4.3512651585280455,-0.14649046808014485,-0.03275353085997745,0.0,460.38582506436137,460.2000825000286,460.4316444273392,460.3232473877631
2.940000000000002,-7.0299937694060635,3.4704826146468717,18.469799161792107,0.03854952470223427,0.25904959400169414,0.0,-6.224554835653692,2.5139722284278307,4.3693711323298166,-0.13850851697437783,-0.01398688008475514,0.0,450.5079049663543,452.0228995156797,452.6903619921944,453.313441905626
3.000000000000002,-7.409084273692394,3.6217414470257556,18.73166139111391,0.031091374947476602,0.2613142991778892,0.0,-6.412266459534677,2.5272858247708663,4.359080095590099,-0.12952484053675628,0.004149894318306091,0.0,443.2169008590475,444.705402197891,443.2657106743068,443.98652016152164
3.0600000000000023,-7.800814383105217,3.773856130579996,18.997579574407474,0.03749896344165826,0.2653421785368657,0.0,-6.645853234695383,2.543825044343016,4.503410906957881,-0.08945901232640238,-0.018378586508894967,0.0,493.46317010155667,491.7970978081675,491.17201730957476,494.1242707061153
3.1200000000000023,-8.205560741910727,3.9269073890408928,19.267912813873618,0.032566458615443494,0.26742186570668025,0.0,-6.846150977613387,2.5574074879191238,4.507258999683853,-0.09798391548162587,1.7456979621143648e-07,0.0,451.33287700374643,452.8141959190083,452.5822131288991,451.88837915565676
3.1800000000000024,-8.622950222909912,4.080733005258416,19.540304331216568,0.02671269160110512,0.26998296918382714,0.0,-7.0672752627900985,2.5694883291754116,4.571646045889067,-0.10129964459727192,0.016372097436518927,0.0,471.87276709600025,473.1351033542336,472.0235187303928,471.7596984867714
3.2400000000000024,-9.053671690010983,4.235205851387448,19.816217155676547,0.03583900893365222,0.2787427621279086,0.0,-7.290942623606971,2.580426598734386,4.624097833664277,-0.059768980985038425,0.04574544602766316,0.0,469.485548555741,471.7597199967905,468.99578927254953,472.2051371760777
3.3000000000000025,-9.496711548323088,4.390308650556579,20.090613940880935,0.03244519224133491,0.2819434159310452,0.0,-7.477754257029923,2.5893908099596246,4.522455556888378,-0.05601760982198725,0.052038634030138156,0.0,421.99581607537755,422.5403608924415,423.3022128288674,423.62242520381517
3.3600000000000025,-9.952071054303387,4.545999878666705,20.36222125242411,0.029108653777202953,0.2863449425632929,0.0,-7.701575622193478,2.5999715455038763,4.530361022088921,-0.0551243820449129,0.03839065598848092,0.0,459.57022572444157,458.4882250512453,459.5916561814322,459.66047764102535
3.4200000000000026,-10.421805594657934,4.702334279544291,20.63686453509936,0.025801389034811884,0.2931022175718452,0.0,-7.956994957861163,2.610776881475818,4.6229647321631395,-0.05511451653257136,0.060339942565158546,0.0,486.7939359677365,488.4350331360194,486.8425947387862,486.84158373669607
3.4800000000000026,-10.905961833606133,4.8591487325534,20.91325995798842,0.02251999080578404,0.30105572050130824,0.0,-8.182473128414268,2.6160590433376623,4.589404897606899,-0.054194103530258254,0.08197402072426703,0.0,450.2869707593523,452.03752638999384,450.5503997511508,450.62286379682234
3.5400000000000027,-11.403813132059156,5.016220215661463,21.18741599858588,0.020672638934170706,0.3061948393769969,0.0,-8.413370445352912,2.6194693897275965,4.548467211179371,-0.042357668882506874,0.08605768213573307,0.0,449.94135544994873,450.2774922068832,449.8024137267286,450.7586383740433
3.6000000000000028,-11.915399704175886,5.1734426752413825,21.458078108357366,0.018900273540158885,0.31238737147412365,0.0,-8.640431034516993,2.6211145972009033,4.473029488501186,-0.03387635430710071,0.07367997609413615,0.0,441.3550871650506,440.3375617478131,439.4785382407838,440.1803432909591
3.660000000000003,-12.44127625571973,5.330759389307382,21.725587159802227,0.016899774877279228,0.31761668291637424,0.0,-8.889626814720112,2.6225825004437207,4.443094033586222,-0.032776451103402576,0.0625567247700836,0.0,456.78183163791607,455.89729901074435,456.7692019093406,456.85651978656773
3.720000000000003,-12.981103593314891,5.48806735183101,21.98754650542904,0.015375417135432556,0.3285607591320101,0.0,-9.105798169391619,2.620898523556763,4.288419800320786,-0.026593653959229496,0.09075563042150309,0.0,415.5508798435041,418.02062915417696,415.86195909255986,416.4029569109716
3.780000000000003,-13.53574156150902,5.6453232189616,22.244823730121013,0.013947217617843677,0.33417940564321214,0.0,-9.382983213357553,2.6208209757127627,4.286310752646297,-0.0324338943226493,0.09427081643976301,0.0,469.38514360539455,469.66454438331584,467.92447043083087,467.46930341680377
3.840000000000003,-14.106723715469453,5.802523787959096,22.500335450372024,0.012001022008998774,0.3502811615978825,0.0,-9.6511289282779,2.6190168134867498,4.2290731393588175,-0.03482609356027874,0.1284947322567575,0.0,452.42776377138574,455.1852617734207,454.19660231492827,454.00424719445647
3.900000000000003,-14.69371404647922,5.959572587048201,22.75112610042213,0.011282336799352422,0.35991254876115697,0.0,-9.91635979649789,2.615888696674132,4.1295932028349265,-0.048908308663396516,0.14252692365254957,0.0,441.7790325276951,442.95129197583947,444.9489896089929,443.79347698004756
3.960000000000003,-15.298305118502373,6.116455539025188,22.9995731078397,0.008606769187122332,0.36933530176645313,0.0,-10.237724856377339,2.6132684070614567,4.150033810704075,-0.044406608943522954,0.13103142396704395,0.0,485.8186834737002,484.97184178201996,483.56896841694635,483.90689315463544
4.020000000000002,-15.921349892125521,6.273114171493649,23.24618408404333,0.00839834561959929,0.37871578574422404,0.0,-10.531569860330297,2.608676646542735,4.068991693874229,-0.06281611753421068,0.14338316783959743,0.0,455.45887886452687,456.46232142671573,457.1462282068097,455.6749310077986
4.080000000000001,-16.561061099382517,6.429460691048885,23.48464283126711,0.0059673280204570744,0.39187632928584026,0.0,-10.793513997306873,2.6027104905756038,3.8786747199890628,-0.051288750384962466,0.11876544245138865,0.0,423.3898065012938,421.2837471876442,420.8823200355872,421.87651491401834
4.14,-17.217859972660648,6.585431798744273,23.714112843817187,0.003023414195101992,0.4043780610049259,0.0,-11.101093194753233,2.596107812401378,3.7686862087286386,-0.05666638136567423,0.0921376233484272,0.0,453.2422684394306,451.10697717405213,452.39138415749187,451.9562372172694
4.199999999999998,-17.892891419359106,6.740961332681941,23.93553477182717,0.0006137754304482712,0.41455762393601336,0.0,-11.401278491389297,2.5880603496383183,3.6108770031131345,-0.06883406138641218,0.11459281028712133,0.0,438.44478176702575,440.31576000466157,439.78961392791405,438.77761713970625
4.259999999999997,-18.58695103203676,6.895980107427724,24.148938681958526,6.282412438888006,0.42254659638308745,0.0,-11.735264443856005,2.5791520260894316,3.501089559024245,-0.08821827862669512,0.10177099511807836,0.0,458.9890609707945,457.98040071064554,459.3361717867425,457.79157879625353
4.319999999999996,-19.300493946990958,7.050462979417335,24.353650909620605,0.005260300242857063,0.4354327012235206,0.0,-12.050835797550382,2.570648286094195,3.3210467541953386,-0.05253253726075398,0.12911888043636882,0.0,437.1800119304506,439.46467703998354,436.5544559729939,439.51829107055414
4.379999999999995,-20.03295413185817,7.204495736413917,24.546620637120714,0.0046557735183290205,0.44336350291915316,0.0,-12.365973859997725,2.5637324678382223,3.1102915605960577,-0.03620762708119837,0.13276387906383086,0.0,431.2107984629135,431.5348402978423,429.53188562086115,430.9131806462443
4.439999999999993,-20.78395525358818,7.358101545380514,24.72533476423082,0.00420968381101261,0.4519056977124025,0.0,-12.669014702526258,2.556449051714652,2.8460749004098496,-0.051851004098672465,0.1399656965251397,0.0,412.36356468000434,413.01789571112874,415.2918449823665,413.91583781680714
4.499999999999992,-21.5548339232534,7.511271537952925,24.890819313577744,0.0013988735436338828,0.4628395460774435,0.0,-13.028432293487255,2.5490360814393784,2.6682745623380204,-0.04692995778056081,0.1562504664861933,0.0,446.66699287504747,448.01315129526307,447.137155245844,447.5364446187491
4.559999999999991,-22.34725939564201,7.663974904858315,25.04461637970072,0.0053234714636731795,0.47424525144890683,0.0,-13.387245992851561,2.5412923840526616,2.4564193299608843,-0.01966459788046466,0.13939304819130155,0.0,440.67302535431924,439.2985045539884,438.54406390266547,440.8030381102202
4.6199999999999894,-23.161905184745056,7.816253278043739,25.186050559751525,0.004159565178827762,0.489683445911985,0.0,-13.769105087289395,2.534576332730126,2.2554734974088304,-0.019032585734742303,0.10903067155972378,0.0,450.08715845488877,447.6374495125677,448.43118704547385,448.4825870200446
4.679999999999988,-23.998932235413275,7.9681128083774615,25.31337350047116,0.005498092163583657,0.49641736954727556,0.0,-14.133591815843868,2.5274836863071752,1.9873383616904672,-0.03752714497543569,0.10288107901899357,0.0,430.0602349209794,429.54931189330404,430.50187173846945,428.93333971179936
4.739999999999987,-24.858077362186723,8.119556095773698,25.424115146928926,0.006001656241289233,0.504102252029309,0.0,-14.50646684467662,2.5206387810195334,1.7026082692278615,-0.020504689797358824,0.08815700883978723,0.0,428.10739945914145,426.86090127746905,425.78878396602454,427.2427300865436
4.799999999999986,-25.739643956466878,8.270589126953428,25.516858052537735,0.006524311818725259,0.5133796536689337,0.0,-14.881057600695433,2.513807144573214,1.3872279177367133,-0.007151638925472689,0.06504763165764735,0.0,420.57523167038175,418.57377729159026,418.47186026592937,419.63312630798237
4.859999999999984,-26.646762048410324,8.421247663427174,25.595073092866766,0.007459221460665688,0.5211522013553349,0.0,-15.357856071440132,2.50818148815891,1.217150162418723,0.0044983509596145214,0.08542968449492719,0.0,474.6592335657355,476.22500357165273,475.6512654083612,476.54297767901386
4.919999999999983,-27.58164133966055,8.57156071823094,25.66045209547854,0.007719197919364262,0.5263187967455973,0.0,-15.806868503709074,2.502255971640978,0.9601461184035999,0.003797333781877212,0.0867468865201978,0.0,452.51233619704294,452.6243207974861,451.04385632178764,450.9871360982845
4.979999999999982,-28.545008383355196,8.721548271440037,25.711910397006257,0.014523059255921567,0.5331716056743163,0.0,-16.307180861226772,2.4977086054098945,0.7521523263786309,-0.02551957867187661,0.07143253694940824,0.0,475.10302561823363,473.9319340223929,475.14965086981096,472.8960074823709
5.0399999999999805,-29.535581053291626,8.871244576388719,25.744889366510076,0.019270181622036198,0.5398411881075464,0.0,-16.71458321275638,2.492267303990092,0.34565881758497397,0.000754647381206763,0.08718719884953986,0.0,406.7323757549937,408.1468002297721,407.14259412532607,409.48763684358994
